data = {
    'Latitude': [
        22.9483046277383, 22.73948436296494, 22.661569506239445, 22.771777513576772,
        23.046907795664797, 22.51103750080176, 22.876202976417307, 22.469165577127775,
        22.81165850549951, 22.381574305029798, 22.78887079548523, 22.56419296291927,
        22.399350914562067, 22.628854241124124, 22.394272115134683, 22.615227184675316,
        22.433627955908328, 22.66244074890284, 22.538945074364115, 22.588602993735886,
        22.49073754420754, 22.625685278755405, 22.47170363003038, 22.62037710313159,
        22.740909220124017, 23.293486136912545, 23.290963401229533, 22.38732162297452,
        22.422871099343567, 22.741139039789196, 22.87152953601092, 22.41712525118359,
        22.792073680265556, 22.809401774676527, 22.281220905171054, 22.81541466230302,
        22.804265415826634, 22.332041776893547, 23.23526615300767, 22.33077148055785,
        23.23368875987242, 23.249146408552733, 23.247253731474594, 23.53288466151669,
        23.5445305974595, 23.555546074111167, 23.553657772242676, 23.575686272222875,
        23.657116269421124, 22.949145032098006, 21.858697683773382, 21.930055086049776,
        22.633103156313496, 22.09302328188319, 22.155359860561934
    ],
    'Longitude': [
        88.5324847866791, 88.37661626596152, 88.40545537411691, 88.39618566078126,
        88.42365147807212, 88.10187918881596, 88.35498693484497, 87.75306330922214,
        88.32202795409594, 87.61710751363243, 88.39206578818762, 88.49025608658877,
        87.55942929732163, 88.45146061966545, 87.36579528542113, 88.39275243520626,
        87.33832946813027, 88.4037387621226, 88.33945850838184, 88.4758365325111,
        88.27903371034195, 88.46004368756883, 88.29825978244556, 88.46510769763185,
        88.3738696858188, 87.80875791385462, 88.143840884803, 87.36243838287827,
        87.5217401231652, 87.3418390134134, 87.18116398226192, 87.53059018916623,
        86.14792512902616, 86.19830773761906, 88.18702322241761, 86.1042373133979,
        86.14593607622795, 88.27216725601924, 87.07016082538334, 88.15543753253313,
        87.07977386143514, 87.0341119401891, 87.04990478513135, 87.32936221379096,
        87.29091006958377, 87.2816403562481, 87.27340061106085, 87.28919345600309,
        87.28473010973437, 88.53245430531095, 87.62122738622605, 87.90961846777999,
        88.46241647433533, 87.85331354233374, 88.0675469172024
    ]